as yet unclassified
jupiter

     ^ super new
         initX:    4.8414314424647209
             y:   -1.16032004402742839
             z:   -0.103622044471123109
             vx:   0.00166007664274403694
             vy:   0.00769901118419740425
             vz:  -0.0000690460016972063023
             mass: 0.000954791938424326609
