as yet unclassified
neptune

    ^ super new
        initX:   15.3796971148509165
            y:  -25.9193146099879641
            z:    0.179258772950371181
            vx:   0.00268067772490389322
            vy:   0.00162824170038242295
            vz:  -0.000095159225451971587
            mass: 0.0000515138902046611451
