as yet unclassified
saturn

    ^ super new
        initX:    8.34336671824457987
            y:    4.12479856412430479
            z:   -0.403523417114321381
            vx:  -0.00276742510726862411
            vy:   0.00499852801234917238
            vz:   0.0000230417297573763929
            mass: 0.000285885980666130812
