as yet unclassified
uranus

    ^ super new
        initX:   12.894369562139131
            y:  -15.1111514016986312
            z:   -0.223307578892655734
            vx:   0.00296460137564761618
            vy:   0.0023784717395948095
            vz:  -0.0000296589568540237556
            mass: 0.0000436624404335156298
